2025-03-23 22:29:25.320 [info] [AutoSync] Using settings sync service https://vscode-sync.trafficmanager.net/
2025-03-23 22:29:25.320 [info] [AutoSync] Enabled.
2025-03-23 22:29:25.320 [info] [AutoSync] Suspended until auth token is available.
2025-03-23 22:29:25.916 [info] [AutoSync] Triggered by Interval
2025-03-23 22:29:25.917 [info] Sync started.
2025-03-23 22:29:26.300 [info] Settings: No changes found during synchronizing settings.
2025-03-23 22:29:26.317 [info] Keybindings: No changes found during synchronizing keybindings.
2025-03-23 22:29:26.321 [info] Snippets: No changes found during synchronizing snippets.
2025-03-23 22:29:26.323 [info] Tasks: No changes found during synchronizing tasks.
2025-03-23 22:29:26.328 [info] GlobalState: No changes found during synchronizing ui state.
2025-03-23 22:29:26.375 [info] Extensions: No changes found during synchronizing extensions.
2025-03-23 22:29:26.377 [info] Profiles: No changes found during synchronizing profiles.
2025-03-23 22:29:26.379 [info] Syncing profile. LaTeX
2025-03-23 22:29:26.421 [info] Settings (LaTeX): No changes found during synchronizing settings.
2025-03-23 22:29:26.424 [info] Keybindings (LaTeX): No changes found during synchronizing keybindings.
2025-03-23 22:29:26.425 [info] Snippets (LaTeX): No changes found during synchronizing snippets.
2025-03-23 22:29:26.427 [info] Tasks (LaTeX): No changes found during synchronizing tasks.
2025-03-23 22:29:26.435 [info] GlobalState (LaTeX): No changes found during synchronizing ui state.
2025-03-23 22:29:26.459 [info] Extensions (LaTeX): No changes found during synchronizing extensions.
2025-03-23 22:29:26.460 [info] Sync done. Took 544ms
